26.95264323866846
24.710143030908547
35.17420646405736
26.9064123637053
33.304909547640705
46.08543776649272
42.52759516731508
39.59573159944133
28.91865767611875
22.408265027687243
42.60298040153814
18.254452841639154
30.50945484565569
53.903070130492644
18.841034635063508
28.784623227477983
42.779302631718394
45.5309398232616
9.707920616423014
3.8897023446525454
29.809497949886435
45.39216766367185
35.11985617628345
11.929604676151436
29.326369831785208
10.957570599297041
10.35485671943444
42.335115022520974
43.63967298675361
49.93154492904354
36.33026735903345
28.987828439188473
37.21375635351002
33.08413682154414
37.080950875717846
39.326460034543324
56.16510799156554
32.87086074980474
30.43307911036843
29.373693937782143
50.523895114765246
36.68895234966977
40.28176122300646
28.28830610702191
42.63080382926884
24.285385995539624
29.632113266978024
45.07182939648497
31.235417597775843
36.293540742725774
55.86228924382268
38.668531258343585
51.802064593553354
52.240035752714014
54.74128446112396
41.862590431752494
30.489869494445465
31.173060862784023
31.232990231743987
32.80881719591679
37.57260741329263
39.750385637783864
49.81704878387711
49.7230422571227
41.046507112175206
6.398454832596196
32.01937235221275
29.506336500322547
54.288804168863095
25.988698192983104
19.052391409897705
30.933514580117453
23.32279464948733
17.646163454333998
19.43717726099913
26.951200578973488
31.48492297646572
47.334385094557256
31.06116890644383
28.784551734829883
40.5087791447351
41.28919317950977
38.400373987021275
31.122009268616477
25.543392943592167
31.498272943057476
31.591021242456872
26.80484551898326
42.97883073625446
43.98217222008955
37.37638790511771
20.382064890494675
38.58080730168881
17.266609990474333
34.001295874453355
27.67677507447702
42.343575260440005
42.61867831200184
19.411475650313072
53.05122279855474
42.53328750185287
35.92393102356013
29.459846338992605
37.95122982955286
21.88176884705367
24.645584674468846
33.19000396903154
52.3573455611382
29.914308003431117
24.205819842058975
55.50782611918584
19.17157046749069
36.27777759915105
37.23971076509714
26.329993765337697
21.609131075010886
44.24399982497459
30.07963534119185
36.33992708184451
23.70498570722984
30.72117797860665
39.204633496636255
35.737739451719925
42.987256515009456
28.32855009540865
30.344278772586815
34.011611556311784
31.937620191557023
49.135552533920865
45.00099755715994
20.133968904679175
28.281780324897614
34.94618882827612
29.64016275926277
27.73299693463521
50.62199896681469
19.852778488246486
58.80117878039274
43.08003179256111
12.99242125043954
30.403248829797484
18.606969159392943
31.84146910492729
34.99108898368204
63.16024903593584
21.34061639017449
47.05500133604648
29.038035845595292
25.996121106430394
24.47615482956591
27.511295236395608
37.57129297335853
34.221234887204254
31.453693427124005
30.642265711894428
16.50261343031283
36.53190446269346
25.604325310898634
40.51218904178955
30.07653855594816
29.71067418797276
25.784160220128776
33.913643154954364
30.82236885495151
48.589763651745606
46.6302325383999
12.369228551792638
41.08875689648305
46.431882557023954
49.0270086137845
33.906337752703145
46.29773072030744
28.44528578179814
35.90256099719088
40.066028326665254
36.850734136976186
28.89608159370303
29.22031992570554
15.594171141281555
49.06096261439251
42.90261969842339
43.40250555009507
23.501484166604868
35.921823362777786
35.25715786121165
41.4903852455083
54.07865901530395
50.03974655526306
40.692144770169975
46.60929592684963
34.55661763937467
29.770798128530252
17.2547532190373
49.734097968983775
16.1881372916854
52.45210718744872
25.730991168769417
40.62569121892527
20.188904807830834
30.51048917383308
43.09757443060816
54.55326200235553
18.350698101002617
36.14635256210696
29.739113053785534
43.14245668761295
30.594134450461546
20.512429416975866
59.276777197952036
18.177438780700964
37.40496503004198
53.33900993978129
53.150167872112604
18.41403007610768
43.99750163561319
43.152680908330865
34.9079436828759
38.70910885794861
54.09033432056906
22.852919462130334
45.18817192910852
14.116805202346706
16.96484731057427
40.811342465441165
31.777859788875922
46.197807288385086
42.888204488988094
32.38941934862501
56.177030642500114
22.72561662897451
31.99787002946751
47.05226062850912
48.963629920518144
21.803704531797386
35.30950139626004
33.22463567849917
32.18825165350004
57.0495595366237
60.35875168521183
27.81140137603797
26.69924412588471
34.04494489724009
32.70618932875155
33.12880415788692
20.917371675714715
21.66893146295941
32.28337765035759
27.91259830995906
17.32757510343795
34.42991461741643
34.35511978872363
26.061549804588704
20.558503937925884
37.56630576873843
30.659459840528847
32.76244662476504
40.79098427353636
21.64430999061459
37.098349061453334
17.891510785345435
48.38449357447659
23.284603201531297
45.106893746734194
23.988114456798833
38.57748808478518
39.93532316887184
47.27894892651543
21.931474337840097
33.52126621552859
24.389326594113374
28.446947555968954
50.065042414603695
37.55681787862869
18.51807580488613
23.757321037239535
11.81863985771985
31.05198548270933
50.1003910302282
47.79537490548523
39.46326408836135
44.11927007719813
9.536916332861024
37.93316811978669
42.61661517413341
40.353226717125196
33.4201705867198
38.495058149972216
22.936934643074835
32.97724165393932
51.3569731231583
19.056551852754605
38.67773806790913
18.79786915277642
46.52444885797331
51.101909189887785
34.726344805974925
14.307111745124987
24.545113102359014
47.59003997811341
36.97317855013839
46.58478978682656
35.023613116801535
16.79511735577242
36.66225025278188
44.22412649418259
35.37263004460896
23.78859112246451
10.016581614414813
44.39185120911769
27.259668174227205
47.70858597780984
63.99074979151237
20.263092872231063
34.71410640097294
32.60755625746979
20.845484426080862
56.45704129389026
37.642503974103455
24.308269008478046
16.45265766183631
35.28935114521449
42.84644460998604
22.736225292568438
28.82793960862174
36.88475644279699
49.43440137003145
49.77811278203155
15.003589385971988
46.230337849949294
33.83159007469668
49.01301646318466
43.07912955016188
42.870794363370045
11.211129562554122
44.088019860388414
39.75448339483971
42.046810218379655
36.1754544621474
35.872373858131965
39.06275583746823
7.318860315038375
19.80008990846029
32.67346252490165
46.676599726625646
31.364027097423616
49.25525980843272
49.66326793467192
12.952025686679265
47.172374260917046
38.97248325447692
22.676347100815438
18.820172410868462
42.52302046666781
37.92216178633822
32.647882000114286
37.60032273696466
26.556788080348895
24.754150963121095
43.185359388978824
25.29574618368221
35.800732250985675
33.35141014225465
26.354235418476907
33.48784961166175
60.986221418263845
48.18170890647129
46.94433076396448
21.51633516200045
37.5042641773068
17.85139832557147
26.219402798992206
41.451564104188485
34.961236039892526
49.113956232327006
23.209904593067886
49.531740538165735
57.2774874702874
33.87611884146024
45.70003480077082
45.95788172223827
50.42047004377784
55.38431345916716
42.24615717063601
44.80557092617611
23.36036958061288
23.201970452433216
36.87190285223457
48.1575974141095
58.16454397695052
23.948525162657464
17.219070863621454
16.22150357659953
20.606996552366365
38.59458864563196
29.282217180541267
47.924337657516006
43.21402846274396
44.46941569526061
37.13298419961513
32.2443645038853
23.015182186262056
37.134419608205675
57.89744157678695
36.49867997720488
19.10665763786325
38.26525794562669
39.060869606819296
39.2552396645111
37.2006658440975
64.58671938022523
60.58959615119636
34.94354541108469
49.1932748501314
13.731745396273343
33.552887758651465
11.981868043557894
48.6004495745667
17.98710377302712
42.720550777245826
42.05388450832879
27.920495637934277
51.154961522605745
27.78157543079739
47.14549703837372
26.493848051253952
60.738374131788746
29.981674289520953
15.92433786917373
29.418593005654333
28.071916718906298
29.23951478065162
27.579507526837073
37.52521392667613
24.126184220633693
42.368322790094
22.482683330633865
42.260981239326824
53.43687724953046
25.35181019340345
34.86291383237952
49.69874386435161
40.16726496565266
29.275099442798332
13.846500571192191
34.79545589235211
29.62380960687616
28.532718447319624
30.854853448548003
41.93027308615689
38.636292285841066
37.964980356548054
20.655769894071906
61.900318721659985
30.607134472112424
22.716081716883792
30.385648013088403
22.8195639095241
28.246841864863217
43.90143012047788
35.50096576929408
33.00337140861046
40.192337760402594
39.716169922115
38.78925792884569
45.04379423920983
30.968068245888134
23.522104795081038
24.55478833213668
37.3280267400589
23.544594380087993
37.116398089433076
39.58174299775306
35.934852171122046
36.90106920701242
18.80599211235012
33.16734281693582
42.36974705012984
45.82054650350257
17.52719112768835
34.216891548984776
29.643409940715678
36.42052684484332
23.89105106611259
20.14725041718619
25.841396092870195
8.671994119556365
44.4368098863189
12.611850315794733
40.416344564812775
32.147369462672465
50.93911856451069
34.89618679679651
34.554085175958384
39.95291440512167
24.737642391905403
63.56251939980027
20.78556987984811
22.749469900699307
52.21268268020657
39.511151806423385
43.42298564965912
48.176158049270576
19.05248312954603
55.92409026731683
42.246272544930854
38.480053431180984
25.71033036547337
37.70263554489301
43.27388493020789
43.67864368789646
33.90338771644112
43.69287261014336
39.71913616078555
25.768706590622944
39.75164021829228
32.4632638653374
33.616884700874834
57.63290719364724
33.92264643802401
37.88976801624564
45.7236976230532
39.340142767087684
42.33614536088002
9.146189224671359
48.61096839690459
30.99656940722727
39.10424998789609
40.183435829721404
38.295271456017716
30.941222537006205
45.30454131132951
29.995542182498017
41.559681849711694
26.795710322671813
31.939561863231415
14.022523490010611
34.594047077374675
13.889109334106559
36.499336593046884
47.13904454118219
38.881366965724915
25.31245403630494
35.6135719096749
16.914267803266547
28.48376844016563
30.21456449472268
47.717495601835935
24.42335673640999
47.03970668198121
31.170647309059103
18.595883025135038
47.27961057339999
36.111333350442806
32.92419804432997
37.749023484071934
53.94150771826186
26.595398367655108
29.11826504026199
37.083397331251255
37.351546568070845
31.374610352035152
26.17493827569144
35.19969648392183
32.56137091428773
23.97692633359498
39.81688361878613
27.78953295005028
41.465357773647874
38.037809568185686
17.22034040965239
35.879520274023754
25.89985478775165
35.81093825851547
36.090009004582136
15.698502332234286
20.226109839079882
15.967234087832459
54.696617707336465
23.862038131688596
5.806564465724772
25.548715900395386
41.14380429097102
49.50899310225483
31.786671327029776
52.655899266616274
31.188212962303766
38.8571963559277
29.989615130516157
21.76764209059386
50.9976078268436
31.83649080741917
40.51521717980894
37.30645206463234
44.98048492357735
35.88883254859045
50.23393947134617
49.144571202448276
52.36399709691109
34.7889717279532
37.26350644385965
24.503354919483336
22.694300849112587
26.00612540659206
44.997137935453345
42.77782714363269
27.313899306901043
21.267943163908267
33.97263869425135
32.21327004274606
5.1842933853620785
21.538748111599176
31.929069085566546
21.41264391138972
29.644245878863547
33.88817249327142
26.805714746402657
44.808523285871786
15.16885372056724
19.189245395882704
14.257844756531112
28.557598680292955
33.35481837396225
25.317401768826585
40.98365822113687
36.85748007979755
29.060267578744984
40.61866374031969
29.479821008229337
19.631870788077478
17.436903235395395
19.702079246306315
47.43990206461465
30.169934354624377
33.38976710150846
35.27833319468631
36.60110094278069
35.48187453045208
44.01194165659719
28.764078550599766
37.02063039441703
53.202090646332024
16.21238828656142
55.71971136792687
44.70690728785988
44.73318025674215
21.67319111513325
42.31799147546825
34.94040357551951
48.174826657036334
47.30091546794374
40.51553251090792
20.889071209798125
38.96656156855138
21.270143054535794
48.00948051287041
44.42565106428241
21.869216268237313
37.2172686443374
55.61335302694401
30.09254322711041
40.76501956853025
31.716854966149068
34.29105281737926
29.052052470807347
25.88980256749753
33.55181192831535
41.63633536262091
15.59218841435313
59.61300618493802
42.779514879647245
33.837525465288564
32.399710900341795
31.517636779426805
24.364212959898907
37.64323898257398
39.77508238420374
39.16131649896823
38.55495992392986
32.7992955052392
26.555084369527034
34.46802977651283
47.363839832418456
34.00681617598681
21.434187611693403
10.875534412338299
43.00018084009429
29.20934587267922
42.25779344045181
60.37903390011297
37.87862252675355
61.07737893492627
29.542279269372074
10.008722814414563
64.3073546202712
54.85228428792969
20.338354280110657
22.019417355161583
46.9233344525012
21.697847874819196
34.22810137505335
55.60859105133853
38.11342103023672
54.83189761408547
23.503468932679695
34.11887642769209
33.2661460279856
44.33203735947757
37.12181119830147
28.078545152719723
52.43886522332464
17.039700910709854
26.937594290197033
29.459959957846788
29.364548189181104
48.37951598534067
19.02473993222418
57.56075594107411
26.624410899085937
34.833811374967745
31.129232391872062
56.48351385851104
16.344513129720635
53.18410838359944
16.92736149166646
53.997244659704506
27.736969414914057
37.94670290081074
15.633990662608774
40.904075699845436
36.2223705257363
36.7590229445012
33.26379375767068
24.575427209056794
27.867086442545393
40.104707434953404
33.536578574735344
41.65340373937123
46.861321152678514
34.65070525385706
32.85162185542457
24.532516582566046
59.92086131577764
32.078485880885815
49.95170354308243
43.89215578948855
50.27531937958394
30.97796672149085
47.28983065836189
26.963743135738827
39.05666596516233
31.64068247492138
34.59223788190399
19.625499442497464
34.71737879855461
41.04854958472121
38.05840916017693
39.3329930388061
32.732861291032556
30.46396855444149
27.749010260066804
56.97357804545728
35.728683327818956
61.05194451760393
30.082220949745498
34.126200049990295
41.509345151422174
25.054175571123178
27.50872925770407
41.147480139156706
44.93414663095275
26.486216615605553
60.55789246289453
33.40122287382239
44.82587736743377
40.75723931872149
31.932996157754665
19.04409752777658
34.89841079471529
34.33196062930951
56.08142908740256
44.67976551224189
51.09423646609144
38.93418748800552
32.508094602440174
31.452774740075
30.168449118463503
24.759338445859473
32.69660838768301
35.71461508347596
34.97058420055706
20.67439288297224
26.224246178037642
27.09770156813157
14.703034641696672
27.245135603591283
25.931822956042264
23.138533261992126
49.17694360429483
27.15065370309639
29.64161519689006
22.581899991072113
31.105577989368946
38.35660424886039
55.49361198424606
35.71588950334302
56.40847226855744
49.51456291191107
25.71601118610647
14.190315062488754
25.12048149564424
23.859130887355416
32.47569357678854
29.125858844003673
5.1694119663710865
6.405662543808264
39.19540665293119
48.25489120538615
46.509022932855345
41.432090979380504
34.90185775252772
32.60824797906898
51.65664964620426
27.578876444306694
20.370308358642692
11.550587249438857
26.223022129186898
28.423097544650112
53.229932082574344
33.390094813305765
29.67557010685249
42.41505879343926
41.328252255971606
20.2947959155622
24.39270406157443
38.62339182805853
33.278983200136196
14.283939377143371
34.63141752562036
57.65233250862632
39.286490760549995
17.48421430819201
41.840807756189314
55.28535215226548
37.56245923718939
27.555097660824597
46.1800622626912
33.00263237130616
41.63577819316349
44.86163494091608
38.83672811286491
23.019199377267864
20.771800152925177
17.240319652461725
38.518799819375865
23.493410138213534
30.488693340500735
10.532394037199596
50.22197775744363
29.015434725385038
46.27293643742273
29.83660288986024
48.015063729914885
16.368724169733657
47.420417018148946
37.25069704507158
37.69591067156121
44.180323236704915
21.427681452815147
19.785916813099774
46.86116112759684
44.19136563504928
43.3337080946614
62.335746667317764
25.136665528142583
45.55172037688902
23.247253664947817
38.450262139978065
39.39049685954341
42.85191901373824
40.13603422575232
45.744162059355915
43.27571692752548
20.02293645288457
50.07017797009872
42.306101125675156
54.07082851056342
31.861352233292003
36.648356392593826
36.09996302105819
37.334353654484154
22.23589191334834
37.974445790081475
24.275418120052315
48.76755487622764
43.59287409033785
31.981171936178526
25.9222117428946
61.96235381887676
39.92770699772975
47.712218889798834
35.14603430229859
42.46277319509926
58.420252635869474
43.965066653395745
46.28827752110603
31.578089101381988
40.925549389078505
20.415663448772893
42.38804427738718
39.79999404173066
46.7876457392089
24.402382040673036
38.49115579309075
27.75007481830236
20.550691394451842
43.528038601168284
39.79459437904391
22.015077447982268
47.716066362956404
20.88203781398455
52.632557382181254
40.81766348774009
38.92416971289043
37.7618020040355
40.13150134491142
31.582420927331313
22.839438986221023
16.80449070442168
37.04103302620976
58.52626343975214
26.641066407045525
37.713844615303294
31.60230637813738
49.206242839465354
25.37451411826471
8.753731918553884
39.294797363112636
32.48860410435258
18.635359527344615
39.55697231886247
24.67076668527705
39.83316446211103
30.653074928116236
40.025450112208496
41.87174110007565
57.501635189159266
35.57191150006919
43.98659712127434
26.66442631039259
42.0732755744543
31.967870760152003
47.43971601474357
19.392379998930597
50.55473422991957
22.043033032884434
42.62319597117454
20.30566174243911
50.15549109629842
41.75425954199201
42.16896607330734
21.743888265429952
27.660624677092716
38.731838521670255
32.46025436528242
60.81761751697225
19.678064713741467
42.64871234976281
27.817781736676054
44.177574193126866
44.491548546567316
42.1502151908245
40.53990336157902
38.95920113081613
8.052814489712869
36.46510172574144
21.973355605517973
41.46854155335842
49.753977939020544
34.18607476121433
40.867849204921505
32.158693204113334
41.29633680506918
30.911474573585426
29.237716460922503
43.07471256665717
34.147003189609606
29.42588589401485
36.628684811069235
41.30286726330746
33.00173947692017
39.14537342566947
43.94543693535973
37.41107825347005
21.295290303876897
35.1308143709681
41.01172886860018
33.98045725620018
19.48766394558008
40.039009591338385
19.747071180048138
21.0796977770653
52.758206778867454
40.20675081229274
46.13262725761599
37.69557804515028
44.71952532866417
35.94014288193733
47.84721918894834
38.549696906636996
45.11822180207145
28.815556759699223
32.4593403162378
58.01676040077295
26.955413835752815
8.770505417251842
49.06026993805397
55.033906569210245
27.46419949371904
53.10991534289214
29.461087942093645
44.245439567699286
26.79101813036482
29.889595023355366
31.935072606020274
45.898546239271234
37.76036863531918
47.58850818449041
17.486609694863287
28.75264999372663
30.740075079210335
34.94749655574213
18.661899248964662
44.76839217438176
31.861282255570085
19.117481369325425
37.28314203926569
26.313319896055784
45.23615185218733
36.50748101253754
35.88518228434851
46.46870660521571
29.418874556356087
60.680709086890026
47.38275328335479
43.283444511283605
29.889074262467933
24.564731514102167
37.05042116402964
30.154944152965452
7.079640313554545
12.567963477625783
35.99179896971037
17.938015383778378
17.275994804340915
48.8673713263587
49.42477495113157
54.242458116350605
22.957670296741465
13.350924635277718
27.130403647297772
36.986030503293634
25.898895432077456
54.45891253946631
35.79613370907272
47.34978079450159
48.38608427218492
32.32596396971468
57.33432278432637
34.60963743225306
28.669653524909013
28.756526418524093
43.64564451066663
12.915824460409826
9.544425460159108
29.941326468905547
17.153976320232463
36.405825179672135
44.79182169327663
30.61098279308412
55.28471804339765
44.52586550267476
38.903606246551135
22.30839492295309
47.35890163207314
30.675930373222954
34.65977375281363
36.925223115596104
27.92695822141071
25.660768371805965
27.55062731115112
36.11778284980508
19.915432913771486
36.52737140087803
26.67617931342569
39.234245742464964
50.79765729887814
34.58783226197636
53.056064727654416
44.912823971837504
29.830176004820938
42.68918984153099
45.23471981576438
40.918505535702536
30.28466216623607
45.410518436918586
42.08241261233747
40.808940734459185
46.901364390091366
30.18878704366351
30.965121466534303
45.60070545304728
37.556890328402964
39.37631249872946
12.539786228428923
14.170889655408654
26.604854195909947
39.359633881438356
43.37591113296156
48.81680652074359
27.389393829497095
32.13258257212741
38.61234050747051
28.75334898470381
19.473461700193678
35.65411291861951
20.53875242988433
28.474139980736314
18.19332061383285
34.3529365925074
18.147812997452693
14.52779058178508
38.858238931154716
36.66649076364785
44.4458835667955
46.699428268863315
24.91180066316248
27.16002236557377
16.935557195927014
55.457122982388
38.67068790914828
46.1542399438102
34.76617034015974
20.769999196484157
40.57910909108532
17.00230637044649
42.23291585144997
39.01351365319358
41.49505557780196
14.665349029222979
7.941534896645155
47.831916462501226
43.179268582031426
35.0038819102812
32.079068753049306
25.72797524581668
33.520288538876486
29.704566370273778
21.95555412854034
35.696234581595014
32.146977107415694
23.737311117315112
43.27489112275023
39.12632879138482
34.90685174352925
47.07117296905331
14.05365118633918
33.354111163132025
33.08670477933673
27.131691845673565
34.14747860682061
44.88418919759748
39.28539216598673
30.953924836733247
55.30337752334907
25.755120722675265
27.486401208451397
25.87012960555495
36.0495689645165
22.813431254349357
40.620358903101014
34.56604033469918
33.29081731684046
36.76301706125874
44.12537166939391
33.6207440760754
24.325721552269783
30.687040638202088
38.67372225889119
43.94849133939134
61.46187105269713
20.922657105156002
29.60364800419178
31.57182867300111
32.27003142573253
58.080414141217304
35.607234174148374
27.066030043952583
40.61652607613598
34.01708065462399
21.509157489276
39.71509528801868
45.147638531752165
29.79796836721868
33.015095957580414
17.278368683497895
19.329712447619865
26.25421613489491
22.85722775018345
27.348477191152487
48.80083229805419
42.46280575754381
38.05448278058184
36.364346318478816
43.88611887440177
38.98005617805114
29.703078883257174
27.063171476364552
17.486684700498
38.75305649224608
46.01813738580436
51.1386144632036
42.89943319258047
22.964085681767003
20.810226142249128
54.76421697498212
40.970305661998374
34.814369767887975
52.39375187354206
25.296362104151623
39.79446277930531
30.732546383557352
34.18188226816008
49.008889995420496
59.7179012571252
23.253836594163634
24.01772095393211
60.489401583945025
33.5470544654452
23.501379493631156
33.11443445582629
18.238371073228826
61.054552785149426
44.539077751886474
15.2193894352634
14.898437192304831
19.66673251550568
40.01928614051906
27.776401087175447
29.507563766846477
24.579917941504583
44.420453682147915
25.586076748845578
16.1610849226366
33.5017169662974
24.69096549414437
33.96748010428152
40.984846336106884
50.04731237375985
43.624710294828404
23.775690079060684
36.95208896167147
55.96698482582095
31.684911600643154
32.11784082930529
29.928614580546142
25.415975359533956
33.6995287510583
28.8332713941551
44.11841330974272
41.7551508529241
24.799625496624916
32.18661782786782
39.78035856270977
21.500829926640552
33.37689812114058
47.22340343181237
17.641885005486415
23.883507529411368
14.67946104452182
9.702183129824224
31.41292225462869
37.837236189885246
29.43891355650356
55.391128492549534
34.40424274885074
35.19351365545166
34.34912360592723
51.78593385604461
53.7023162129241
22.708481498433105
22.395493539524573
32.44599174555429
30.995529077929223
38.9856127541344
13.156785626023586
40.34514289950991
49.826764282219
42.97833729932082
30.575640399158072
37.854300129789564
45.16604142913725
50.29268704950727
32.275122593326884
35.89959356212492
49.35677127449004
22.10770017342622
42.50484512719115
21.848852426182123
36.11510111697188
18.322361337906656
21.38139535419845
23.865932493814675
31.105387767463526
16.53553460102415
26.481470070513275
39.81353958755417
51.02982464966455
26.26716121457158
21.66659620153828
16.858908344752567
28.669805572763167
42.663550825005515
39.11241820496814
29.208961876254428
29.06355510508226
35.124135954392656
43.8181711701306
49.936584373853876
28.55687878312474
46.4422240543164
53.207406660595936
28.690331116507384
29.766608371448903
29.198081248794203
24.217781250310175
26.668760188088847
28.530107916448483
32.53711882884163
18.159568567577615
46.2363569240919
24.374201281718324
29.52065929089741
19.51287779567244
40.0714870648756
29.7959053113525
30.36173829662389
40.328417467883476
13.440587718746952
29.53555998568756
47.55757728864757
56.49675444191223
32.72849357362314
38.266913491995254
20.121518683114747
38.33520404200232
37.834608513303564
27.90478455752304
38.976609641146524
46.102565757065776
24.757966353999656
22.343212673120263
39.447880536316525
27.295509730390272
21.271579210890792
41.89986543911108
33.339252366313076
19.640264142942485
56.523228833166165
35.02303818969606
46.40746668182718
22.62128861877284
47.916108652818956
39.77327587281953
40.397689629740114
49.13485862818372
24.22229846493424
42.09227312975484
18.266002623558784
34.391214126096486
51.40383226022814
22.877188760823127
46.38340689756774
30.870012601082486
37.31007641758268
20.899472232984508
51.69738766209232
36.491396314115754
20.459340232987604
38.016420810425615
58.60405650609395
35.13743360530329
56.10510368946433
31.476557871242644
23.81815615239071
22.32758300000796
34.538859187185295
51.760937105297735
35.197630414182825
11.900028825798492
28.437776272124484
38.1768195374017
44.18171659691142
32.5701576021916
30.120749866966033
54.60900555937422
34.58340553076039
49.85982411867497
23.559391600236133
32.374381737615074
40.38958014886888
33.86700151248422
36.48773174570267
32.832116891447995
46.249534097981346
36.09504283445911
44.349937821941126
32.98981494996102
36.09159780505717
35.564611060665214
33.565564267824186
28.735499773157574
14.43395948780964
47.59354656808976
23.500860677950417
23.008464316515816
48.01219676389755
21.392491603353317
32.46540486325109
37.75117336541872
30.976857573579696
33.72639670344662
40.729011705601074
20.953813051748526
37.08213468816787
44.095752328499294
40.53017813037619
31.187024157474355
29.150825078263036
17.22353612046646
40.67730701528691
31.36303521760081
44.53502916502205
44.11997602643938
34.97185143965929
35.24426204918752
21.048940234795218
45.74876108133341
19.809319484599886
37.06960528921807
36.394474783538975
37.39343031590338
62.02955712213168
45.64950264081594
29.079150737017425
32.69312859571694
34.72704369984674
36.993347025164155
9.852592513711624
56.502668618776326
35.90409201153279
54.098028479237556
16.110050425236103
44.65172581663964
12.347535338255083
30.014535066675872
25.562512617442952
19.9167360980465
43.24866217412276
21.90331490463948
26.658280538463984
47.38250486422525
24.80693059196941
21.371648668155476
42.104540312129544
34.54417325105954
50.1863345899355
41.58411815605156
27.174049467877186
58.023030756918516
16.101870631724974
21.104546617956476
37.5691550773755
47.27271769959209
42.633357110650664
28.67814147652757
24.48806187802673
50.23514103831777
35.2070042186146
57.96923374012413
36.00961916460716
27.85614982367478
27.065945227533295
46.10538085755792
31.815011222788716
50.76704833407019
51.42532270098061
41.514014961959774
29.6670248477785
41.765225010507656
21.74837652798871
44.566809795831766
52.54348941622124
35.98670540041079
42.03730880821794
52.46966914744457
19.774168970955582
51.89460684965148
41.01546109271985
30.80001499766996
17.423555656586394
31.611696472791536
22.24407359062154
36.462835887514274
44.75673464104763
37.6495435718243
61.404604221272066
50.87296035329952
28.23705934508425
49.83115599284611
28.330038073058674
36.41425577555635
26.493061118957442
36.28858747529095
24.113894623479176
9.462822060085538
39.222388243698795
19.231274743616012
27.334430065496655
24.28994590368517
36.931978941696585
55.8858357610031
25.13010447750882
52.247946556463695
36.61620047748083
44.07522143547143
41.11327627771189
26.834416588206835
35.890081551878765
41.26091779273149
39.47793695573728
49.67819165521003
24.915054183674094
30.985759945090678
45.812934809194246
32.9346231639544
50.6807541877089
31.348861510938367
21.610081759149477
5.810200298800799
36.0393313808535
42.6991678642636
31.714723683601676
21.892936578805003
31.772001144247465
27.47168903287309
35.024378595615026
30.149718139769483
39.01789225267102
40.147635055720855
16.72564968876591
48.08949916142558
22.01499845879793
39.81374794322299
34.97299555188358
47.090249272297825
55.275316027448895
34.93831954702194
22.69962421004404
49.97931945224039
31.607178628038344
49.66686386276855
19.797343750420595
32.646087646530425
34.34518162384713
19.629556167403397
20.62598434645848
27.40843746235704
47.42521261732124
32.4994966370618
37.78966557619327
56.03886701656882
18.454866470147092
55.69634326163201
41.874661482115414
37.61212771712659
34.33244397233807
28.422066059892785
55.97327776711442
57.67595292821393
32.7095147416264
11.083823007551782
46.40424735741015
36.00337656563895
31.710441135162082
35.85020913221316
49.16563399297678
45.035362475716134
48.44858471787371
21.712140149167965
53.157243821743116
27.511501832023576
44.03220390080246
29.68177331286324
43.79138599724311
43.954496483989715
13.671215442418172
49.21058140262787
19.543941755445427
39.6949504955564
43.16416566285249
45.997923053572535
57.493437122347636
16.572210030918576
22.03270540889351
29.210696337558623
42.62914070056676
57.09912445446916
51.50219573523285
42.988456399599876
30.45203335323618
31.928531766305326
45.48227912140506
48.89628374754808
28.72011612563033
48.585125540241705
11.222055350674987
32.45633642997282
37.912016838476305
17.909892886552456
40.00863227880982
33.66758710435208
38.970303002490155
30.576586377743908
47.619595598541856
42.8424343857443
35.605014515855245
20.144811537961765
29.898655749689436
49.56149939073994
20.604724911623265
32.126896456893654
14.94553380468716
23.06347142226653
18.64943854186324
26.542318503862372
45.95725198815499
35.028253757503464
34.32057285359462
58.52656150704355
46.58236730736345
47.77857931658761
21.936465001679263
22.73306083465228
28.652339197064528
28.117830918248956
29.258927012450435
53.37998628449789
34.2545232560453
47.05832282364095
23.9630859774186
17.557997101234417
22.342181182486275
29.90277474060269
26.743267244222523
35.48130960853392
26.234235987767846
20.51484880175409
47.30911936543597
27.887751368504205
39.03441278073253
21.206571152328145
8.427287353116101
36.84879301854516
20.74711025934584
35.67428489141273
57.18134704422578
34.1074117760575
41.6542347075025
42.84682261909946
29.490228355501348
27.190603190050272
19.964997603919503
7.142878937398116
35.999938813827264
16.93043350461119
39.6541570890347
30.04787882411868
36.96378798062327
47.71299686281718
42.558160279933425
43.98672758992077
26.14929107253238
40.477001889084995
40.827656734695104
38.26012392995918
37.759304539692
45.48425418562805
19.491131709852393
31.04602925929692
24.46662145351229
25.434127692859633
34.44301011995488
38.644602311621554
44.117324430207084
34.59470872917649
41.30063066172389
32.26470359798267
29.358446176521195
22.749736133813272
33.51370925039124
4.784645817633297
37.000760829873734
35.87317129296304
23.02091806213658
36.479387397113626
34.6621837969189
33.24740270341508
48.39816916907646
26.51818541176178
20.707545065279735
33.06834533820586
59.71103416256176
40.36829922810493
47.588239474053516
28.877164421855113
49.17776673969481
40.79791964376144
28.77821015900863
32.74643692681037
32.74580192813997
35.240440106266846
12.177492655498328
34.84539553659235
19.215070107316162
24.126280829130746
47.01220064308648
31.328172605782832
28.646064448765625
23.01514425694644
28.665197961474902
34.405027301893654
34.34161807899422
35.442975876789696
24.64942226708294
39.310486163419
24.4751316596688
12.643075367212546
30.084537470054848
37.95987812284321
40.03818706960435
15.350114659608062
27.566726504435717
46.17287282107993
44.88643871565542
15.763869835308057
31.371380617162902
51.07923470995243
18.69485202806407
41.1903574989234
16.951402559209377
40.21660163876288
15.964522152927694
23.301125263999992
58.23549118556259
38.26671136877628
15.803325766316178
10.379774294323756
21.641472781794185
32.5547726257517
45.98848847440267
20.26960133530477
45.900811006281536
22.893353006423876
23.540959206839407
38.81232852983333
24.56103225762331
25.79053830166908
15.68105719354132
27.561345069736852
43.92448239398017
23.04309066335726
24.273311107641348
33.00726546647054
18.014830096207046
42.173717467532384
51.88650729964105
24.831935083695434
32.285258857054096
31.037888291372834
49.13389255728091
39.36001163876479
50.077169454487326
31.77509630340727
46.24274534183105
40.75593946060096
53.27241282967185
40.85215459027338
41.64070261345636
29.340950906175983
30.010170899826388
28.631557686120065
44.2773407590605
38.65291807966415
23.575537531899794
39.07724102738637
45.90649633118982
36.38764812845034
26.13362533534112
43.4037244919915
22.24744851962141
29.531696205083513
45.063581576073176
16.0967635370512
26.185855011033794
31.872342380453148
23.352072165762163
23.19353208921321
44.62266060152817
45.38841844191995
23.82914470476541
29.971108280271125
44.15804803882558
44.8806812050351
29.001324585107934
12.654578955169926
40.83370251195237
62.12429439278279
44.61919442787238
44.238344766573995
35.708620693280736
39.824148332452566
42.97108196258656
30.202947551117962
28.676866728158714
51.307652465024766
20.869086726332508
41.032941622641474
33.14470253765191
41.001244602001286
27.048817944820634
20.575967649361967
33.79257685778161
35.45768224416865
20.165463379721142
46.81351545004381
29.58933477068833
26.61250833802927
41.65096321709411
58.8691201610262
49.257188083386126
24.33389823810216
14.784606465705128
22.353023263480097
34.01654739552757
18.616738464319734
59.75154094302408
24.780466500714297
39.4152739829574
26.665413635287806
47.466338319453556
40.44520957410441
27.529717775594833
31.911478766324883
34.607518802925846
18.139254280599104
60.702624822593975
53.19876058671638
22.262852436956976
39.19537268739031
26.35045763307119
42.11381952991632
32.25676882614115
31.147516317683298
31.005027444952898
31.91446821692992
28.649543742876
29.702258529210688
43.57325745189428
51.49481349609093
27.582171685552964
33.45609686898819
45.802291183262035
23.792608056869195
20.07695060209602
54.67576672296594
30.48395579079448
47.66166580717447
8.058013888030587
45.017048824519776
17.207188958345668
21.941623402544764
45.00734530556143
36.518642445132656
28.350423503255428
32.260777512398306
17.950587324969906
36.844109566709506
31.622756699073495
39.829038749414096
27.725114653444987
33.89628017450175
18.91121581742574
62.43437865790033
25.902783455490944
36.49563854662968
21.24541350028771
42.14173545694712
18.245062657784267
31.495573592208984
34.933324380174476
32.19367705573475
35.47936995316024
36.146821776516795
30.42874897004445
11.967298112854717
51.8364539949954
48.39734327153519
44.125830090007256
33.72073922930502
28.605902728033307
29.233138244066577
37.93940952216444
24.652285339617332
37.50592824354889
60.20284211696374
5.9864186096813565
37.60782167749447
51.92706202415226
39.40021028040905
39.92865883238385
59.83185451397498
41.17954537719587
60.85352665780349
16.30137507023713
42.185862033518845
52.74202736230337
51.97012444978775
61.82662557644387
31.87418175822622
41.554625223836986
39.170111984149834
44.855465258580374
39.26408738007288
47.58803816810945
48.35123299381761
35.245871350965864
38.75307754325082
34.670040823416485
42.17523388185528
20.492010598933206
48.56017543532229
44.69804864997086
27.25143952717883
7.3772380739232695
37.88888345001615
28.209569671841535
21.690722170069392
41.155222461234224
51.32350117029223
53.993039299357164
27.76915227027192
15.813212281444768
42.848153392510135
31.004162706547838
48.54940417178019
18.09411342758784
41.59038689943655
31.273668662768006
60.102798491039046
33.860608909921716
21.6381914062235
7.379206173461684
35.630545670892765
38.95594018266263
30.78024701776614
41.202503035758895
31.335955489529162
48.71287703335178
49.034341824887555
23.26609048393969
24.228083637868945
29.812896218382416
33.79952260733922
42.91039797782351
35.0269524921795
18.383781778404902
37.354295104008784
34.89533093678338
32.88913369257181
62.1366168957906
39.45874156734094
35.21947184886135
31.97907213433385
33.64846717300373
10.820928032478015
28.470922457901175
42.94085631407864
19.023592621274656
23.97752746415962
34.36575683846579
33.136814399945706
24.890700035792932
29.678730049835572
47.60430875512632
57.198493412414386
35.769887834826356
19.079103591149735
20.942832797451462
16.815188332704228
35.00484035280674
31.004408490493763
27.928562062179893
34.36513096810501
32.44162048879946
35.41910516286177
43.1771700178746
45.80129199650994
50.19337226908499
41.35774843574888
40.19736883723225
38.016722080159816
21.152567862252038
39.841237831265445
21.746539439536544
47.263307637334044
31.514948560743285
50.13188592448275
21.643498225468704
43.20271107617212
29.150823158626878
23.856409138068575
36.71826122285478
28.256366086667885
61.4273674177236
26.407347005480755
30.69249878874911
40.00926430483506
30.87167440999367
36.45322932841682
14.391446004056336
30.836448014046137
19.934988956341154
29.791171443539326
32.15623819271799
29.3629208216957
51.9600496174986
18.7571585947254
35.09965704125781
44.39306625916381
39.072476242336876
39.08193472838179
19.752117275640764
13.64073588274484
19.597842109614934
23.318105540329263
30.794656819184464
36.28826738224616
30.68919808090229
39.435315319306625
15.33421614912022
32.118982700355076
29.340772533720713
64.31144677090101
34.49918002609046
29.630712973908143
25.037021639602752
23.12821994382044
26.79853305020521
37.20015460265501
45.75120815244409
30.049557693905857
23.94356608001741
27.11108485033818
13.85420989652315
33.14845648643203
27.204359356883533
12.339382963450953
36.29552017214286
26.853042999498822
28.2601338155472
38.01805883145896
25.685567479078475
31.312764735371836
36.57152365269877
50.15835444449577
29.546999056375924
16.62984110804012
18.494525600441428
10.838165723554626
12.443679758653952
25.75396313017756
51.29098119721799
32.07783146564843
43.33248103249014
35.44555283271196
37.9586186974538
17.206126395703546
20.386885045877424
30.184606805541787
44.24812962588861
11.249381035287401
47.48463658872093
22.255144408701113
25.12506210971384
49.680584864840945
36.018316255750776
22.646878647858745
54.47941114838631
40.56482522597149
17.020374986102826
32.02581316311222
9.739355153440131
27.025915434656994
35.04847865314985
35.6557865017448
24.123974721357307
40.85845015912465
32.51417361800602
33.151892100542106
32.50621314850736
33.12089575234955
45.8354344509419
43.64421334743296
32.65476211370422
42.03618745755167
43.48026807764676
36.9698977611986
33.08035856792992
49.489195355406515
42.40986364137539
22.306286542800454
30.610815166923118
37.03357654840721
37.88839096935992
24.916005522998237
29.556249086967913
39.70294257676247
25.741152486102507
31.309932033435214
27.969383169493774
24.782909162238656
44.71788670475484
33.094404015604134
36.23730756565963
24.568843652254095
42.30188565375498
39.54173745036676
15.697754901573836
26.68856402897595
52.9669686658156
20.148063303759454
36.564830348172926
30.231644494130098
28.264693767998445
36.39415184435707
36.623121581186
61.56994407381837
39.377573772872495
43.01011134614422
52.44330284518292
48.66355682867357
40.650904962334096
61.55658633429188
36.053286573334844
36.135061603225886
34.35981620452699
26.85005169040709
26.475558443884786
38.0555903307248
21.260641679894093
31.105634845265996
41.68262265630262
41.315849980261625
38.98101424653886
36.331363939003126
30.51749114300039
49.380272869694785
20.302250609638776
49.67410044338648
16.605725855230812
26.956470215141824
30.805595909973523
18.6985712127662
40.049651249211195
44.47002142236337
34.184472505783496
53.75158453092289
51.186812418071014
27.867497004946614
52.35803735910316
3.91320418855936
42.047022962085705
37.053976625260546
36.59020746273673
37.95666185979752
42.411399246834534
23.210632782528048
53.34249775313537
40.950887258684986
39.24193050769917
55.825841686220855
15.613211321213223
34.29880700067461
47.595694523114446
45.40532193206412
35.19548931776998
36.6823596224794
25.876091098926494
35.985460402468334
31.026315181634153
17.784278830268207
13.722448391036979
35.71503845204706
36.879999187168465
28.475198296305813
15.621885354326446
24.593677979628378
20.130431427304366
42.79574486628465
40.51555093893493
25.87105322129727
25.48730812810903
27.8090600024051
47.233183024649094
53.815597814726495
33.91102448850145
39.944521094848625
34.35047411529176
44.21466885562889
21.216789641099247
24.433638881301857
20.662456314494552
32.44751200326273
56.72901345570995
47.62083817077526
22.44975285150445
44.68489633060036
14.464039468676713
38.887610422980956
50.60053032069995
43.89413641776907
38.67673422166938
17.83341909126021
24.885911205379468
39.83866229959227
37.41754924853977
34.84672012348194
59.8936842760655
37.68263770328871
40.4978699365456
50.951203608405564
37.070954469549186
33.207086365235625
20.76295921957438
44.50070827715813
28.234569390092542
43.177942755124384
24.843153463564114
33.83552363437193
45.80917984584575
64.55133368711499
22.507460408366498
59.11226148731854
30.53635871661407
28.694652649529715
38.977007982934936
41.313090275588976
17.58769748477521
25.869485748288298
50.35383072860901
31.216295041188268
24.63139323689728
30.57943764483006
29.575530539828634
14.86106458556952
45.812164326633535
37.39907410032215
33.126785825138136
39.82766605218241
40.095913541644414
54.03981030899741
11.66068228580786
30.5985670438457
52.244671920059375
41.27269229986646
45.643907463362375
38.626135879447496
53.971120223320554
32.66423609550166
31.19685919924662
26.9446839282147
27.702227257377004
27.93915740267821
42.67841315319641
35.508795464143375
31.137160772566208
24.61259605978809
43.96691788458213
36.711723640021305
23.01693597443534
25.956786054040986
33.57729652555056
13.61481202198376
32.1259744360547
30.304504548529835
43.43695333664961
42.859348691162516
35.23573538698865
28.975566932684252
40.06468613151309
21.790264744876517
20.00750699678981
37.10097374833734
53.453924002619495
22.132807993770225
55.27547097247099
26.737185340013387
28.29934880339669
40.480321498983116
40.87744864146088
47.30787594945995
26.24824459588415
17.111981926120936
31.002983590277626
61.1665914818427
13.13992295608541
57.85458385064565
51.927711196845706
28.144476186420054
40.040832993513156
45.02656107330738
31.697238176474688
56.63910427602545
46.8844296365982
45.52704019182494
30.794780685826435
37.967346293865425
31.388242105893934
26.68098158778789
40.27392501735585
10.0601492159306
19.532464997172607
41.78107863485914
34.25210422048298
46.48209786491034
21.628202027483688
10.739857266832649
29.53199337040805
43.3329891889909
45.13635375657063
26.026103767630843
60.25356141505553
22.03687126057885
31.41127437635521
24.07148664607713
40.69706327167207
60.504479500706104
36.54377238715582
51.122196280799464
25.332019343660633
35.83232032591595
36.533634201901464
17.7530664935819
34.64254805951552
16.583380895975495
27.487156143339103
46.18999844826058
44.12198962859013
44.22980741915614
47.385535754493326
27.853507452809602
32.43967511424732
37.15022690845254
15.597821587144201
26.6952398345658
16.161739438719025
36.00432646748721
28.199378211231714
59.632904041168544
40.377448270182185
60.527417101637056
49.98888032832445
13.096492411706558
13.79228791503378
32.0156364966734
35.218862291588835
37.7258062143249
46.38004675825667
52.3808832866474
45.42944446419791
22.929561959144927
55.99257604122495
23.96210257907129
36.671276859212696
39.432615915229555
49.51232562597646
40.876260748508095
15.101413790563333
35.698931877287336
36.76630454708465
41.41208580706794
36.939338526868234
22.84218824010639
11.55720223865086
37.23146899957408
29.950659795358288
40.28551506551323
24.852768580905646
41.8658670017817
39.69093247243276
8.760909613368078
43.322515399845656
30.997823894776847
24.865656630374435
33.109394056183035
21.521688149850508
21.02120709532774
42.09227883904425
23.714787916880237
34.56875192929304
46.96563074677577
35.49866184792372
33.99706882404188
22.162728268194485
7.326600808041892
34.37224184611245
39.1252714449359
26.80246062623613
45.66958464071466
27.427874861729826
42.18925199562782
20.19606998922877
24.602609041396367
37.386001620603096
52.145095085307155
30.590013490613135
45.73129606232071
35.05458783134837
25.471023057960405
27.046370858593622
37.94355949310102
59.033220075069366
35.18797949128614
12.585638109815642
46.18403706912943
26.463307713030435
31.787472244838767
33.95999811347538
5.402265580503885
44.09706851842677
7.792695518650852
15.416674239144568
41.419318709628044
25.38061016497191
44.91063349004046
24.00220203941075
42.69009595853795
41.2151779817881
47.019299813792905
51.29690365376677
55.30169011807852
49.162416676540204
5.225232191468747
32.70808582161993
41.85944924570268
32.40777339675881
22.673809662498883
37.95209898672695
52.24485243713785
23.18751817593079
29.57818038690344
11.717214832739014
38.16653347301941
30.023448540161944
33.304122760327445
41.02289949474879
41.25703395423538
17.6198270779194
23.42470485836145
37.187934036460696
8.744165330403492
17.56358092853078
37.81061797351468
42.64530105573249
41.87686870277071
24.894116943324658
33.61166846459895
12.827806769153254
34.98303505264276
42.638487007984395
19.989282472986236
15.484726655608043
37.978137053544614
24.13646939915353
29.634770976331104
33.22134482507674
11.149967227901787
41.43099650533786
30.548212203745756
38.86975126057904
24.455070746097118
43.25536268780147
25.491722219630095
38.07809244987517
42.339227319261816
32.90442683208021
43.70926792901434
29.490029910524097
17.315240732127915
35.519166724988104
19.369966223991607
23.37827187246045
40.74386212285463
36.630978114330055
26.02922331442924
29.356259260276413
33.01215474764771
21.03355870690864
57.090695046204104
31.727149929987853
32.08706072790355
44.8115192582174
27.62332637815951
24.086168906931174
15.93717860304733
45.46723180914068
29.07269154962712
19.917182879354446
33.51537988678406
15.083237228011324
20.724021418199378
39.2795951551524
45.15723721579537
18.687880566557002
26.78877369973151
24.659814741301766
34.32713321390319
37.03091638669211
23.23399280129276
12.81261043422144
46.05045670827673
28.915077487767004
34.715473305164345
34.64512162673841
23.769291851880077
37.2046050413632
45.643181381102444
53.98428063159409
35.696089322703685
39.878155430909075
35.752709861816356
35.292711484261424
37.53010275136271
29.879734695580638
18.506681625361114
26.30808421268302
32.44966886969388
44.852162440734325
7.436637823939773
20.044621000042994
34.454159252041315
27.144619568149135
50.32845861950369
41.72709186937684
46.08932600481799
11.42844523505917
45.94364442781265
41.56092175430451
39.88095713181593
28.630179738828065
46.75211199738573
61.40851609100035
25.60674310081343
19.98700787340465
10.13731918419379
26.22583271267238
30.536694217444005
22.439976811418905
35.67851146514619
29.499890374282444
11.706855332686066
39.249267948094285
34.18433369517625
34.460168257411745
22.78691184373184
50.63644900779839
29.93524080019357
52.670301045631156
41.61289232437879
23.28547657493362
27.879468151403202
21.15708441250669
45.943880308544514
40.783275360833535
30.301289517015764
54.541237508061116
27.850771811772898
39.51512361702413
4.91305570426279
45.14671765927184
39.95778419277171
33.76635012877666
10.731381966660917
19.2870020434245
18.693705593371586
36.18873879828779
17.841514718221642
20.165940129837637
20.128299996002106
27.359020376896307
42.109404386166304
42.953151505626295
28.27915855691493
27.44951769215996
58.2430387194612
35.4267257874554
26.561064333561365
21.008178818174454
40.27305878499716
42.13659507776174
29.199927809113095
8.44235723998357
39.699929724821494
5.94600405036436
31.484617497856128
56.87892570741
48.56452493161987
32.55960152744376
39.00271351947264
36.85776649051806
39.26633082745418
37.901571765619
26.003237346872016
34.132062439079846
37.842074633457
49.663201571712364
29.42706238825246
32.12341029067471
24.577783817323215
32.428005806542494
22.9084697792011
53.11937921165158
32.46802858711497
42.21519282554965
27.254524514221792
46.02015902796294
50.96861831044587
58.967244958822775
48.445154249035674
46.65226009057005
35.28234587553809
22.953906228828494
44.47889170957492
30.67329481127576
15.156558269500458
31.883900051030764
36.3366922698715
58.39379086397013
26.512345211962682
57.61866173515663
26.058679447606682
22.269010479018323
41.732703475035414
12.849551261901926
12.984532404950144
44.49654007109485
16.254825234998613
36.80449014615564
27.56752585857817
25.28271554707701
42.3153575435493
32.89788348043777
36.65653666738331
33.196414086648204
41.85764263128506
41.97073516562885
27.990101352528665
26.499809533832178
20.78494315144745
42.102096595160916
29.806813154837148
32.77993494067947
6.662249202883849
37.349772305807285
22.764422617619456
22.079451349046437
32.32264852452162
31.73923958352288
31.698058627219808
43.434487890958984
23.41007696186437
38.357095656939045
16.169996610450198
31.550493424677335
37.788015027990255
35.079551786415124
41.201960024842
26.3154132621403
31.36221537342364
27.13297641422541
25.19430222287341
40.3697162846838
30.614621421194997
44.77413647617078
10.961078064867598
26.99405686162652
24.381218905370105
45.614748708594604
30.112139879347765
47.16900164198723
25.033266068409247
39.69836500574576
29.89810492868241
18.24531763195209
11.27570321748608
32.71077843478001
27.547958750621984
58.14444378239593
33.276722243767956
38.477024691232934
13.969779240531382
38.8255259878695
44.46147312119589
26.33293137854578
38.86350341606164
27.79477878063794
48.13442767755428
36.00108985704154
41.41824645176701
46.5429417232729
34.637336992664814
14.168495804977779
25.44852687666132
25.123738718113216
27.538641271976623
34.19857674750759
35.42538172905522
30.376357009625792
41.075307240915095
53.658057742574854
35.21429102507413
21.97938398868869
8.291504344453282
26.913301465570175
42.20510354234976
36.6183548333902
10.288791040714491
54.28509084402018
28.76384730941409
60.116667609983544
43.465892728400206
29.60364510095074
14.546124058853477
5.262470010667876
23.57669839791732
10.420364930805723
19.37699487120241
25.74008006494042
43.242763263024074
37.5355266970268
10.593523887813712
53.23632709991057
33.29055873643941
62.147640874927795
48.71148194052232
34.67621446312244
42.41082415722909
44.32676316078088
22.320895447526052
44.26757788207004
20.63006172986816
37.770207188607266
14.097766463814754
25.680098605546874
42.946927980162585
15.27526797597827
34.40328477756741
40.659575714821614
40.43273408596561
53.500955394022384
31.44683853902067
24.850382727341618
42.07737629985106
43.281015011239475
27.15006908152957
19.84620644483437
43.76388033571609
38.34587921588245
52.39913744279325
15.564874149465478
15.597107235026957
37.312219328724154
35.50607226750172
38.02211498295816
20.506843724699184
34.42624961874237
36.83997894825148
40.61266552290303
37.154952025544596
41.976980229827305
29.57428256830568
27.64495741208089
33.13098579010402
29.15650070242901
21.954534543410503
50.335952362680516
44.417264531669424
16.706244963277804
38.960712668644035
28.795905816732777
42.07879616458657
20.540117460079014
25.659607270368607
35.9516700687891
31.02382106960355
57.02088583044087
25.819694228655315
40.49520492396094
42.261533298336005
7.984979674562851
24.97796773312262
10.76161078175372
36.92186471316802
51.55336237712267
37.33142690068039
19.81705046088172
11.354621120047996
35.73871852731026
41.042592497212155
28.094586433750262
41.09317500145382
56.24838767023511
29.188088694822056
29.952840622043535
34.80874752469956
23.77720306343756
58.12985789759367
46.70707152039855
44.02145598709017
13.807614717249761
52.522292947953424
11.900988226152391
22.281964883855988
45.39262711655274
43.40275554236367
42.3344989090265
53.295056708171074
29.432570952662047
24.791902445553067
16.69988446302244
22.223447378190226
42.30824766501829
23.575942545299778
30.94958817152616
47.41725554620155
13.94486145909982
34.35576524152457
50.7810574701223
38.55986583643197
37.8101522910885
45.75794841500304
42.09008218957307
47.05189072684344
31.503685885468286
47.64819416937958
40.31615975592356
42.394920433451624
42.74419642414322
44.77637721130705
47.26947309839735
20.926582223493785
35.72664433489136
34.18656158663569
36.80210792434041
44.37344877293998
36.507112294755665
28.949535543549477
19.72336502458834
36.87237063808459
36.03360921544369
40.23826231996964
21.911235548168715
47.006472276809504
34.68800173429846
12.092390599112537
36.04182050390942
38.544140742194344
31.388859784258106
23.20484536418582
34.1945391489373
32.52271093362828
19.82205547985803
45.55666264911784
46.02127122966742
16.1454505989113
31.414032120281966
28.916090061653748
16.665401537618934
27.017538672854066
40.09322321475525
37.61877117896239
29.094264047307767
27.685213469189872
56.77301202183192
33.85978721710974
17.109588051118195
34.44238584714943
45.56013717900442
27.661033065521046
42.84054991071989
45.90051210033277
47.22878946111294
17.531961154312896
42.24332300788758
55.87129763588541
40.30304469966074
27.579331616433173
42.68840642188175
40.90417907834856
29.59413833126824
31.502024775068225
29.690828282216184
48.018827701870215
57.93313637106164
34.62046593545325
28.200967532233086
45.009170386580735
52.17336807277604
18.08313370710429
24.7475272048923
19.154792780362815
14.195793058432754
22.009545030720876
26.060965390037662
44.60701211153467
24.6419556036892
32.9604051493485
37.279070512177114
15.43059396850513
22.860157889317993
24.039596541630285
19.763970018999263
12.92017975810614
18.866307083590844
33.13963144554518
20.96044406066945
52.46551196155546
16.046919951401375
30.727770101451643
6.992686575998841
32.39133985028606
43.22310827327709
15.912573013470029
30.691079809405636
34.3872685983243
51.00369618951507
53.863306656830495
36.02262860838927
14.823127722893885
22.412543032295194
50.379227016555014
51.19822851685382
37.05004998359956
31.368541612989027
19.056515150033995
36.47733519695147
19.924688011022273
27.200074816212673
38.38729635369658
32.80079902543982
40.155878867137
26.139102283305416
21.170929026370878
23.48701435168631
22.962037365796398
29.87597406595936
39.793801964805155
18.842366374944827
29.720966344801052
27.88885034544459
42.78595313194034
10.841611382978039
34.75063015848428
40.49918942598444
42.61865734959791
15.982779139255273
25.668974534920597
44.61650802792819
27.831060343820077
25.90424169888919
8.889011871714436
49.01648221536088
13.57826490410047
43.87581572761104
38.19269730976331
38.40839425624839
40.93250415622042
39.500350115506635
38.69564215736325
32.05298601569109
33.7959279798479
36.475044895319975
31.203137818844798
24.522945756144722
48.07487166642102
34.24346134325722
25.81395024981218
45.230856424054075
32.8083105448041
50.09102599841271
25.03046781243336
34.76753199424886
37.05406252611236
42.15927241682336
38.12930797529483
39.39257591730821
59.14205970470475
35.02788064606931
40.23397512741604
19.82874424562677
34.49225323169869
24.00766585626899
45.93941818076162
30.12322943491394
43.76520748371067
33.60835874751372
43.99101957730879
34.32188060242943
31.809482636859702
36.75530297214087
59.520461719659416
32.12295835246316
37.946817660568655
23.49706265777555
46.99835827092687
29.494786074960274
19.20097111998524
36.19373523709893
10.251512155017126
55.102533426729096
52.03402337390901
48.51929697673464
49.06327195876788
50.2389648326222
33.60080570856258
48.03378769876416
46.70212599014328
29.08833991114438
46.575506063785035
32.761136139029354
39.54722297392422
27.356613766024903
53.81402397207131
32.39085959670382
38.05041115511964
24.305130158880004
25.241941355519213
46.96411467074173
41.33051554888845
25.072612702433958
34.69758719928849
49.799653345807194
24.335022539802885
29.369162929211704
30.781854611689585
28.510724070832204
46.27846898004519
40.35133741389674
49.10149995328018
44.865379992247675
11.759546596962041
58.0772109962512
45.195730089239596
33.93117065933465
42.344175957129224
31.216373972769915
6.484326075673737
56.71562536251805
20.28334964301692
32.4440806668935
36.18761262376689
18.01636853611335
31.168977344619616
33.59295769596217
54.280626092839746
36.1395773650989
20.31021892132851
36.91653671647973
25.766300271233053
34.35489939192405
38.754588448083005
21.27780794782996
30.577827343893745
31.402672383707976
21.923582721007406
27.72211975332259
28.389389493630258
21.45842882950774
52.25480761009667
25.038873027634796
23.865600930252608
16.623517117486685
59.9630408644201
44.8790704587982
29.27894122644882
45.14107606387607
51.92881974926254
22.0626831267427
25.10233807192578
28.032915431676127
29.486914619512497
20.93826470524664
53.22139916271743
34.71801904025163
22.93584498412214
19.191169516438045
27.932290207779406
61.54288984347663
46.64143870691388
34.662393315980204
28.32753247035069
49.92976649076019
32.49339227848169
46.11643331160144
43.68594871194687
56.312933807802544
29.623135786651087
45.97607185588507
59.06543255829354
38.135493629771545
45.44184460696755
33.881446769372424
40.11919947323219
45.149477504808395
33.8050534771606
32.99645489475461
39.39944034018667
26.19534540372321
45.919987192029836
34.01602023441766
30.75103889619975
33.0751937686788
39.455435895764055
44.79457064763523
17.81568677157577
39.17028819173804
42.60245254779746
29.192124772483112
37.36411905304949
38.80420631054406
43.92483767775581
24.3080236562118
31.15168760198212
14.04234170930056
42.70683827521211
41.11389891508763
15.525835980982842
40.094457565349174
16.5433423842715
28.06802296464433
24.33035897119173
35.52804255303437
20.39085815585866
40.974865356452966
33.31796853001299
34.23283953180355
40.75062610243365
46.215948270114644
23.37245876302302
55.04721222941365
42.764942569374746
34.52951750855414
31.446257698854545
21.560719185994202
60.518539346430295
21.978050938702896
50.44154528859836
23.74296189923401
39.30267601716196
46.20496740809997
46.270333680986276
47.51227090002555
33.23495333292955
36.862827975803235
8.420839763794046
23.588377135219694
12.746378524560585
29.82144657987709
35.083379304419836
27.447658260108767
50.76047397273394
32.58693046111294
17.89499155060108
14.584267818755915
32.5085032478059
21.422955210671503
32.330685084439764
26.193655564532914
25.97796648013577
13.091734381866909
43.544869720812294
42.797057886945666
34.51986858651069
30.24270166803962
15.688014985104386
33.686971342614875
36.06959333531259
24.984489381174665
41.427497777939635
40.491385289907086
10.86211740055088
59.38377277441514
23.359463574481147
28.720770949333367
29.957931221139834
52.89961346478415
41.71410208826497
28.878272036295233
43.74470429599311
42.87604214336997
31.96411826690081
23.579357984403156
22.744107388440053
21.3479309176506
27.347790296733777
33.34850804317537
24.577035554743254
43.22849100595499
41.39622182382912
32.80823463234223
28.329673982089034
46.99287081653698
39.84307627440014
36.930253751845534
30.595680775256767
23.655811391885923
30.63559648363585
25.322627449170238
39.36021034952661
51.37137465492133
33.46638311999196
42.93798097622546
31.556558963349993
32.741668094259275
20.46499273630906
38.56520042918026
19.383157568279824
42.78783442484515
47.79392329880447
38.20478366814474
29.826119036745823
31.905330350098325
26.69988813952283
25.1265208746509
33.007232161681145
47.446434617300184
13.430449386650603
33.68427720257543
50.620523173894284
42.283741864278916
45.217484531796
22.51481686675227
25.359779924372916
41.24175677120878
28.257188439570147
20.30011689809271
34.98953510625425
36.81132520275785
20.673501619286654
47.04825315220657
44.97501164465087
40.755637950971355
25.06705459666498
40.533674593410865
16.242401813264042
21.89831416298279
35.87486081754745
18.448822225481972
37.47778766306055
25.157354221525573
35.45570769484444
49.1786382078128
12.410071211481778
35.48199655176147
28.423946523318357
36.76284125279772
38.301007131096824
47.05558837749808
37.381658170876314
36.79012415307752
26.226846657399875
37.01596220965609
34.95672997429317
46.11929796064365
16.830109589392976
53.0203398288299
27.74630628680473
15.093900894364292
15.987707672860441
49.670577087724126
33.99578083241685
53.340248492201006
20.168545557366446
34.09734731285098
44.104690356481356
7.641909472934744
58.98751265390774
9.1915709310664
39.422215243981
13.245686569459332
23.40286374986306
43.388744787697576
21.24162105988466
49.92716324955348
24.68919372147979
43.13522515696288
22.8122071159123
31.269610696290876
18.664613078094757
10.129049963088075
36.082958761379146
18.691766397885242
36.67714389718008
24.52641456444939
32.159820222017856
37.19156436557807
22.59764543879913
30.920453637288745
48.69469179747784
42.65787936094706
31.456004089225917
50.71503652658602
43.07100235585798
39.97348487394332
30.335771737583617
43.104988152861225
47.24580840320237
28.12174746255153
39.00536649765998
16.67106948741999
46.601687176061496
58.99106905897584
38.78311008918736
33.83001617804178
46.79430325045805
23.32668591219384
37.56893309286649
22.167146983047875
30.190101115721845
54.442894003571745
42.380370649918945
21.993889850715956
51.12300901877882
40.55923784997893
25.49805111945493
46.747800607924866
34.93758922543514
31.45264734964094
40.557252378473315
47.35131604046336
30.14842157562816
44.017095592332204
22.44646978215533
33.037415450484175
31.62736004366573
22.318711716356727
48.748954943896905
44.06153279902156
26.753402092165153
10.49973041307888
39.95339697218624
26.363508738325752
43.14251133168271
12.239519291073984
18.3680323277123
23.416537155342656
25.575648102739454
55.11167748922289
28.233850152793764
51.45783253071404
40.17778016966946
52.00931930595762
40.07064768283949
43.991576232753765
21.162393215074324
4.921638866351565
8.70784676552911
23.69183726862606
50.41583265384975
29.833088639748944
63.36717855300008
36.174753531462194
47.710468905111924
23.166593775917757
22.185291885697897
43.99621729706795
39.07969485961164
36.841370364866776
27.7915381095682
31.406302335195836
25.49142181002448
47.069462875280664
33.70920764815799
38.35969803027462
36.89885313217089
33.88002865750374
22.48132578706675
22.88094891315188
40.34889064674037
45.375918303380026
43.518517615858634
33.69282673466704
38.10336572771342
29.22974311534586
44.30434487822618
45.02886763010731
44.3467801257183
24.0923900150936
10.931786880984072
44.861344609885876
54.27749276376653
26.015265592516958
28.349737796631764
33.811131148147275
39.174944615446556
53.11185101172768
10.457072889400889
29.85454529515829
21.57406703701461
19.259737360751352
20.058861105439508
42.98217920198768
24.395089159607913
35.45230487940898
30.952752598060247
31.167863118943306
30.84918410603458
33.01590259396264
42.20716932147827
27.024666874567625
15.976439547675
24.322237694413925
26.435584136225017
34.86879452957391
60.59167074037449
36.94354955050397
45.75994796189969
46.686337413321006
46.953801814294714
36.32568178318986
49.1239285368895
22.24557301667865
26.111178650604707
41.439372996599246
27.502382531968408
38.81419718128059
24.599415607738525
51.43186151144467
41.6262695754158
22.789153908539824
56.871075332636224
44.65953358484256
35.52289974202457
28.50453445689175
16.666288426374322
14.246513778518382
35.992715977106705
26.846502358151074
45.636123735669884
46.55068375070368
47.69616227151429
49.9443001564094
33.02812233684002
22.79489869372179
42.48643585531029
35.45875728998646
33.66378826319196
26.663191547295366
23.871936677424983
17.7413518438542
27.36458148937612
27.703043049688308
28.235070128834042
34.4397032887838
19.120583873959713
21.10456424841752
23.050114973522795
47.22626632604398
24.844213083402597
43.441423463054235
42.588584107179905
20.420879626714143
40.201804900742665
54.988406460294726
50.09848981692968
27.26387623731239
17.702033498506786
33.0716017943971
43.14201243593277
43.895685285697056
5.609358627384202
41.220064632625046
41.098616003733646
29.460811280385922
17.61582244872518
59.541738884233794
42.911943751831465
30.70886231494445
10.126388494905735
44.47013068421237
23.001846946269442
39.520131841731136
52.34031239168931
29.319274343427914
41.28878436886944
64.6045938995178
22.76128221089667
37.192908579156516
30.195381966410615
27.132718582835334
46.16475611490384
50.661307130362054
36.273651524024395
20.050955777491232
28.273290321489714
42.65688601131731
30.232452320154096
29.42599414570488
25.744982629817695
39.8395469673927
24.674474544916027
39.656475908624614
35.61153469246936
35.30587668157597
31.948734566450373
25.872012008211506
29.052749230005396
37.270712652351676
39.648849105236785
39.913735985260175
45.73580614225925
33.450235490714064
45.02730325746598
23.50611200607361
19.0414709766232
41.034752840324344
47.22325341096178
42.84015741306523
37.77376640460477
32.83314924598054
47.67827583188229
35.70548707073265
36.91251671046313
33.81268269036565
31.371258251836817
42.661155394775975
35.6086418745905
38.5123936654112
28.248649877320002
33.0441518463335
37.850989792358824
26.527405137833565
15.777338986061721
41.19452715248912
38.45028216068078
30.107694309916678
34.037856684652304
37.67260129390298
15.242566413978816
61.71602771821617
31.780220042001304
30.073804990782982
45.28100460270638
36.01953027380944
40.424010398531195
54.06286075931106
33.307880477898685
52.55592032152383
58.12168500594935
29.811148708338155
46.49036624934886
51.14976411920794
28.416327994919406
51.48797167860262
41.666707738819774
24.739951805215835
24.62392621126899
39.641615505734975
52.07256488359385
23.412201966456074
45.77236238331837
37.321191721758424
32.186004254712955
24.932996893797874
29.610929644251375
16.7330085619632
30.360005940696176
24.994518748289938
31.223981324646502
43.787040189349995
24.127953890158988
31.201955182182065
33.33106346226691
30.487496488069002
30.773571097378767
54.196658825850044
61.56490446964182
34.81657094135084
27.571882888725117
29.243981664902343
20.954822064927857
42.22378256176341
40.622507428635004
31.310661241868324
12.022975936909216
36.42616834965324
32.39441636184668
20.188033302541914
31.48547711569334
32.726091066386594
22.328564247794056
29.348809912220407
50.52980282794061
23.950627129404264
18.865199263356264
47.41653200142788
36.72261446803932
33.818745413427756
45.55421336404786
55.03218722339418
39.878799356471866
31.37582393095489
24.423245112195108
35.15238113884187
34.57401813415171
41.26983886367171
49.155631510373325
15.98381520174409
24.046588318280783
35.78878309289071
27.777962939243704
18.338122589885483
18.01989962888912
24.925746602815707
26.85870591284019
57.716456571346384
30.68068750517405
34.72794415851956
42.331117650692086
26.775885970165625
28.045072407560443
57.51540367642629
26.974051166859805
48.50420205703633
46.41890227114993
27.508516029492394
66.76208347783829
23.60743600991606
33.393945994696374
36.41184922644296
35.50061968391889
33.98314436350159
50.49439725508086
25.05955862848078
27.24975862209012
27.287759547042953
14.472672247591541
28.049742499901452
36.10842461501419
33.89562337698448
38.26880996787721
17.646982085098458
25.18234864006065
21.722793189109424
63.78441265433388
28.119595018264864
33.555549802034825
29.038200325180835
38.99466254803513
26.505248590689465
39.07872535415205
64.10792742420622
57.892033722866444
22.667480393115014
20.034586089896187
37.761122628870154
31.600888797130605
37.19463617520043
22.09464203212538
22.95565333793873
34.707149410564796
35.88969150193645
45.492257225543
36.735973912167886
39.488160932309775
23.311150290518583
34.855503519108005
54.02759182562226
32.39218134226099
20.69404306527049
27.491314883279166
19.452126423404586
12.744928668253433
60.70137065394844
45.026149037180744
9.706663162653545
52.01043158140929
53.04372146457106
44.654064881579664
22.85530731351071
45.23455186841932
41.06577042429962
45.64321179743062
18.20807621769178
32.80666567146574
30.919206655576527
30.60646745990855
22.012953656554142
10.555964915262464
61.308511082297485
39.00828306935609
30.943915781832008
40.313397608083505
26.876409429913625
46.0923286876712
21.78749230771841
15.934607437754648
39.76178656780388
40.37574116956922
43.00274125312472
16.12601046909383
38.97833838060891
43.631668805133
28.30357579746864
55.30906692198185
37.97656662306026
35.781302193975364
34.30050742903228
46.01264889966878
43.255190242698006
37.422195641022405
55.42655043228098
55.96097787719373
10.762190853214598
35.946642971167236
47.97599616083012
36.40406927464892
25.98003581268701
31.281222690040472
39.264919965176716
24.20149784560704
33.62365604560772
35.05200654051883
49.72256503730709
37.45644674335296
19.139806869173817
21.06380983450948
60.700021368279366
35.191244853176926
46.66712629897261
33.55252263786297
21.05076939442876
41.909550424563285
52.24184432658521
32.417088433509214
50.17553070518762
29.51697266646927
48.52458745820304
13.265341798662476
55.347359578847765
48.29939039898279
36.49227298705952
35.66670617732301
37.71322947097319
43.80269517933944
40.653032105851004
51.40633491966979
36.876688048760315
30.165783144455894
59.76183109499615
35.572901883367976
26.062941032883593
42.73439495821222
39.43405578382838
39.02618524096816
17.994701131479754
27.43192998594057
29.110181700597952
33.16716580733669
48.60530501732262
34.24324979827806
13.558408307054705
24.93070633635128
33.25888330937581
41.484275018725334
30.599089141105125
38.8607332999611
25.658351989377135
41.96852995976207
20.701824982401718
40.64847562155296
19.258399644801425
15.61302434587722
48.43158294842856
18.274102098523507
49.14188033185444
50.13720066001244
43.05788391032992
40.6460424162515
56.257206403864416
35.14474572461366
36.50247667902153
35.365721076861895
19.782822498968294
45.95984204128868
25.24436910110905
48.80086307847768
42.15298659845932
21.980824076144845
34.3479771059742
40.54371256324154
23.410428129017358
42.19279906810607
50.45214841315959
36.17657763422544
50.68063969536369
31.754708453589803
47.0886702306422
18.890959304974608
40.56719143772933
29.46540375534668
32.666984470528156
34.84617263979417
29.93968643822006
52.70711095735763
14.063649567087703
38.928755831338016
26.98050004550158
40.43190139568041
24.294993125052763
32.705872363864984
27.196662860209685
52.781974185477885
52.81902951356285
39.01387925048184
16.69023581014603
37.50793518738211
37.94037569246095
20.558643954710003
44.29516066418182
31.726961087823366
19.45775568511307
49.428507433889834
36.26806173218094
37.99811364824781
28.38220670905088
26.21458200620451
44.98514649194996
20.655766092103512
20.900287296299723
27.876326884039354
41.998827265346506
51.01733717884871
30.848511754605838
41.39350155003707
15.60192221473107
13.032381570558856
17.551404370640757
34.587452135932836
59.13929354450797
49.60689010384298
31.457466687982713
31.682385708273053
33.47622087294149
36.98682132223126
37.49141454754401
38.552254244622326
57.20041166151478
41.86758771076437
47.785041349451696
49.311736700045024
39.6477069652236
22.964558785580596
56.268723381868256
21.860416525833113
42.10627101091672
23.002256680343464
64.57736880726405
48.19153597255215
25.154988561998493
31.300912500103397
39.21923184290024
37.14585283411031
23.949423204475085
23.168398965621186
17.9472865411895
48.867790311743214
14.362443966098793
45.95214868402415
22.187354890956094
36.262366836176746
11.300132000437882
61.642566799449334
51.15284210594507
31.67082959895848
15.981060428004605
60.84215205654408
26.89498947597362
26.531562797656882
37.154571846953964
49.873403496463396
60.1858642254349
33.28318659571481
25.08192466190433
55.18479017914762
36.55794167043965
22.545692067195212
25.043137898988128
38.2743082336558
18.635713197761795
11.383110294904311
24.329797977051587
33.67221425295092
38.52242186737935
32.99700723876521
27.399544604862896
42.95683964738487
29.284343273372702
41.861821752633574
23.03773060329385
63.38849839505173
6.609152185233803
31.25177040784997
50.79290661144264
25.11888307926744
36.81620141559668
46.43914396524595
41.4386890099964
31.244609041314007
28.207943439046915
26.13036592281695
51.43923910069347
34.5098930778223
33.04474808355694
63.27438413134655
33.64848436462424
28.286290603658315
32.57081881230491
29.343641109209027
13.461702550113472
32.840496605913486
20.556373280911277
30.565132582841446
20.263845650606278
34.04971513489285
35.27782399134619
28.074316929573467
19.4593445589472
37.55430776726744
51.33494829238515
38.75014578434316
37.06219167135605
38.904436960809434
29.932075569255222
26.451275126899674
21.394810764915622
41.15120247832704
33.78806684428859
37.83518621990244
36.55717806844722
30.912952993826174
43.06385261486514
28.362042408167206
22.485809736783406
59.24688107707526
45.88049239004504
41.23103007903205
18.83829262331208
23.157316464543296
45.296718590201486
17.680718063347626
35.00954127804476
27.31293340155488
27.08359751646097
59.705741786878086
53.85763855491838
42.28118269240092
32.05042531334885
45.009580877487004
31.136309225448063
44.60043504487146
22.402724169850273
46.665952898039876
45.382531689974314
29.676643125301478
38.6496966310433
41.133311426792886
35.60165663400634
35.65343894275832
18.908470428887338
